-0.47333693504333496094
0.79510140419006347656
-0.60922372341156005859
1
-0.20314382016658782959
0.11232036352157592773
1.4737018346786499023
1
-0.062460854649543762207
1.0812798738479614258
0.34468662738800048828
1
0.76245224475860595703
0.25819054245948791504
0.69916272163391113281
1
0.99670392274856567383
-0.56782567501068115234
0.12469099462032318115
1
0.72990721464157104492
-0.70821964740753173828
0.79886162281036376953
1
1.1875028610229492188
-0.58380377292633056641
-0.72525119781494140625
1
-0.10208689421415328979
0.93435853719711303711
0.41471236944198608398
1
1.2007452249526977539
0.33185967803001403809
-0.058218404650688171387
1
-0.74454677104949951172
-0.26534804701805114746
-0.78459203243255615234
1
0.49467056989669799805
-0.45064777135848999023
0.61188721656799316406
1
-0.43355643749237060547
0.2567304074764251709
0.0441743507981300354
1
0.32634517550468444824
-0.64264476299285888672
0.30643251538276672363
1
0.10776105523109436035
0.69935029745101928711
-0.94474661350250244141
1
0.39584121108055114746
0.99211239814758300781
-0.80021148920059204102
1
-0.52852308750152587891
0.41980648040771484375
-1.0029507875442504883
1
0.51274740695953369141
0.34604719281196594238
0.45888859033584594727
1
0.57769453525543212891
0.26300477981567382812
-0.84348928928375244141
1
-1.1291691064834594727
-0.31686389446258544922
0.14011782407760620117
1
-0.0093227354809641838074
-0.21299186348915100098
0.88577669858932495117
1
0.60692447423934936523
0.68380528688430786133
-0.91932737827301025391
1
0.90579080581665039062
0.065153136849403381348
-0.43811142444610595703
1
-1.288753509521484375
0.36016738414764404297
-0.60993981361389160156
1
-0.33528980612754821777
1.3853845596313476562
0.38318875432014465332
1
0.40874421596527099609
0.015180848538875579834
-0.70923781394958496094
1
-0.16008809208869934082
0.65791392326354980469
0.62059724330902099609
1
0.1837902367115020752
-0.000727176666259765625
0.47819057106971740723
1
-0.052733942866325378418
-0.93159252405166625977
0.37946799397468566895
1
-0.1539395451545715332
-0.89845997095108032227
1.1722999811172485352
1
0.2653910517692565918
0.8520660400390625
-0.53912127017974853516
1
0.57434189319610595703
-0.91888201236724853516
-0.41429767012596130371
1
-0.46780067682266235352
-0.50946176052093505859
0.74000144004821777344
1
0.3191941380500793457
0.35123711824417114258
0.1708869636058807373
1
-0.29413643479347229004
0.74797791242599487305
1.3224723339080810547
1
0.40040466189384460449
0.54205203056335449219
0.65749901533126831055
1
0.54341101646423339844
-0.19300520420074462891
0.34800171852111816406
1
0.61063975095748901367
-0.14743605256080627441
0.95161199569702148438
1
-0.51844221353530883789
0.37684202194213867188
-0.27062439918518066406
1
0.19081586599349975586
0.9340972900390625
0.47230234742164611816
1
-0.2388124316930770874
0.035368196666240692139
0.16002927720546722412
1
-0.56201118230819702148
0.52619528770446777344
1.4315273761749267578
1
0.49439153075218200684
0.057299293577671051025
0.55000030994415283203
1
0.17308996617794036865
-0.98257410526275634766
0.67550349235534667969
1
0.58206689357757568359
-0.33302342891693115234
-1.2599756717681884766
1
0.67574429512023925781
1.1068338155746459961
-0.4245974421501159668
1
1.3270509243011474609
-0.25711053609848022461
-0.68919569253921508789
1
-0.020269989967346191406
0.13975216448307037354
0.75706440210342407227
1
-0.50566703081130981445
-0.98012053966522216797
0.15039613842964172363
1
0.54911601543426513672
-0.24955357611179351807
-0.83415514230728149414
1
0.34488457441329956055
-0.3559493720531463623
0.37684166431427001953
1
-0.54926609992980957031
-1.235382080078125
0.052637998014688491821
1
-0.61542868614196777344
0.61101043224334716797
0.76670217514038085938
1
-0.50580030679702758789
0.65006488561630249023
-0.20862418413162231445
1
-0.47295373678207397461
-0.96207082271575927734
-0.17830041050910949707
1
-1.11165618896484375
-0.25202542543411254883
0.29346957802772521973
1
-0.23551265895366668701
-0.41326811909675598145
-1.0895920991897583008
1
0.70078802108764648438
0.40817672014236450195
0.095463134348392486572
1
-1.3426111936569213867
-0.16361591219902038574
-0.62340235710144042969
1
-0.42746582627296447754
0.05975265800952911377
0.51364344358444213867
1
-1.0160986185073852539
-1.0309975147247314453
-0.35261848568916320801
1
0.69838356971740722656
-0.4112122952938079834
-0.34814751148223876953
1
1.1412577629089355469
0.40852206945419311523
-0.24892571568489074707
1
-0.94968271255493164062
0.35094213485717773438
-0.61008828878402709961
1
0.71109557151794433594
0.011497449129819869995
0.95404809713363647461
1
0.5438995361328125
-0.54423773288726806641
-0.38588774204254150391
1
0.65365958213806152344
-0.30523574352264404297
-0.86005985736846923828
1
-0.68056130409240722656
-0.78896498680114746094
-0.3360989689826965332
1
0.8668429255485534668
-0.54778826236724853516
-1.0340822935104370117
1
-1.0813982486724853516
0.89386767148971557617
-0.54950302839279174805
1
-0.067218743264675140381
-0.097526326775550842285
-0.089368999004364013672
1
0.56408017873764038086
-0.42058575153350830078
1.2041367292404174805
1
-0.86516052484512329102
1.0193675756454467773
-0.69088804721832275391
1
0.54645699262619018555
0.9353110194206237793
-0.51320886611938476562
1
-0.65966194868087768555
-1.1487828493118286133
-0.16493263840675354004
1
0.40877956151962280273
-0.44902971386909484863
0.35179978609085083008
1
0.51411134004592895508
-0.18132355809211730957
0.7841885685920715332
1
0.61164319515228271484
-0.037506185472011566162
0.10555475950241088867
1
1.005013585090637207
0.31752219796180725098
-0.72608727216720581055
1
0.81567877531051635742
-0.25955238938331604004
0.16864681243896484375
1
-1.2961363792419433594
0.48654073476791381836
-0.16785918176174163818
1
-0.3956623077392578125
-0.57330232858657836914
0.29582154750823974609
1
-1.1189078092575073242
0.24784299731254577637
0.8840853571891784668
1
-0.3734188079833984375
0.802249908447265625
-1.1479122638702392578
1
1.1427479982376098633
0.53248655796051025391
0.093367651104927062988
1
-0.22742533683776855469
0.62651640176773071289
0.081863254308700561523
1
-0.53836226463317871094
0.77910047769546508789
-0.02266959846019744873
1
-0.099477678537368774414
-0.54899466037750244141
-0.18249905109405517578
1
-0.077852427959442138672
1.1525398492813110352
0.96864515542984008789
1
0.25246828794479370117
-0.90541642904281616211
-0.80275100469589233398
1
-0.27933552861213684082
0.10891158878803253174
0.35241079330444335938
1
-0.91008037328720092773
0.34678438305854797363
-0.0047098142094910144806
1
-0.80300450325012207031
0.69871425628662109375
0.48288187384605407715
1
1.0279881954193115234
0.55008661746978759766
-0.75305837392807006836
1
0.90105485916137695312
0.53864002227783203125
-0.40916311740875244141
1
-0.47110313177108764648
0.59585118293762207031
-0.68606394529342651367
1
0.015609301626682281494
0.83555060625076293945
0.22388456761837005615
1
0.75407260656356811523
-0.72785079479217529297
-0.28695070743560791016
1
1.1529086828231811523
-0.50962430238723754883
-0.19481337070465087891
1
-0.81375956535339355469
1.1392889022827148438
0.41265225410461425781
1
0.073092252016067504883
-0.85397613048553466797
-0.58594787120819091797
1
-0.14011350274085998535
0.38599550724029541016
0.91969841718673706055
1
0.010520819574594497681
0.34427922964096069336
0.61019295454025268555
1
-1.1384906768798828125
0.11865437030792236328
-0.17062792181968688965
1
0.48638761043548583984
-0.11069592833518981934
0.75804948806762695312
1
-0.73647332191467285156
-1.2304012775421142578
-0.59925258159637451172
1
0.80686545372009277344
-1.3073146343231201172
0.060018524527549743652
1
1.1447076797485351562
-0.31298521161079406738
0.26294550299644470215
1
0.24312731623649597168
0.018867567181587219238
0.65983986854553222656
1
-0.45268052816390991211
0.12801323831081390381
-0.3972911536693572998
1
0.7846253514289855957
0.51773488521575927734
-0.2563889920711517334
1
0.74989390373229980469
1.1220184564590454102
-0.2794405519962310791
1
1.3348832130432128906
0.90236586332321166992
-0.3745250403881072998
1
0.43458914756774902344
0.31085512042045593262
0.26039075851440429688
1
1.0906176567077636719
-0.25000756978988647461
0.3397541344165802002
1
-1.2079943418502807617
0.93781775236129760742
-0.10357985645532608032
1
-1.1172778606414794922
-0.25136432051658630371
-0.9462515711784362793
1
0.73809200525283813477
0.77892529964447021484
-0.73804676532745361328
1
0.21464036405086517334
0.40566015243530273438
0.51806360483169555664
1
-0.15704683959484100342
0.65629875659942626953
0.98905289173126220703
1
-1.0036307573318481445
0.56397217512130737305
0.56800419092178344727
1
0.62830007076263427734
0.38667690753936767578
-0.67290127277374267578
1
1.3091332912445068359
-0.1654338836669921875
0.66085052490234375
1
-0.48162114620208740234
1.0645014047622680664
-0.042294338345527648926
1
-0.68178135156631469727
-1.1684122085571289062
-0.49925643205642700195
1
0.81482005119323730469
1.2902852296829223633
-0.43477976322174072266
1
-1.388733983039855957
0.41991674900054931641
0.055236764252185821533
1
-0.11320991814136505127
-0.42176330089569091797
0.16774120926856994629
1
0.44957533478736877441
-1.2417486906051635742
0.0069328173995018005371
1
-0.58724868297576904297
-0.91396695375442504883
-0.28263914585113525391
1
-0.94164752960205078125
0.2557080388069152832
0.32464414834976196289
1
1.2113301753997802734
-0.30363962054252624512
-0.010056324303150177002
1
0.45006641745567321777
0.10499995946884155273
0.24228174984455108643
1
-0.5489279627799987793
-0.69758516550064086914
-1.1952085494995117188
1
0.11593645066022872925
0.24965222179889678955
0.76423966884613037109
1
0.26406243443489074707
-0.097861200571060180664
-0.83837133646011352539
1
-1.5964379310607910156
-0.15414305031299591064
0.33280977606773376465
1
0.889614105224609375
0.29174405336380004883
-0.069570623338222503662
1
0.56601560115814208984
1.0047297477722167969
0.30809843540191650391
1
-0.97318834066390991211
-0.17937427759170532227
-0.73715108633041381836
1
-0.056747369468212127686
-1.3638012409210205078
0.45949825644493103027
1
-0.23344402015209197998
-0.26166072487831115723
-0.10145009309053421021
1
-1.2287954092025756836
0.20573726296424865723
-0.85623335838317871094
1
0.57367843389511108398
-0.096810355782508850098
0.22662046551704406738
1
0.58299887180328369141
0.14154770970344543457
-0.18791204690933227539
1
-0.6653315424919128418
0.066418565809726715088
-0.98795050382614135742
1
-0.61700677871704101562
0.76472449302673339844
1.078277587890625
1
1.3009473085403442383
-0.26341137290000915527
-0.41682761907577514648
1
-0.032145485281944274902
-0.69851815700531005859
-0.036452881991863250732
1
0.91599041223526000977
-0.32496312260627746582
0.93120563030242919922
1
0.5230305790901184082
-0.46850466728210449219
1.1464248895645141602
1
-0.39782986044883728027
-0.28893378376960754395
-1.0545753240585327148
1
1.1006295680999755859
-0.5719509124755859375
-0.38921532034873962402
1
0.14039663970470428467
0.76383209228515625
1.1557439565658569336
1
0.80688363313674926758
-0.091996677219867706299
0.71201902627944946289
1
-0.18618628382682800293
0.070453494787216186523
-0.33134555816650390625
1
0.54205870628356933594
0.17934104800224304199
-0.38749149441719055176
1
0.39981320500373840332
1.0769898891448974609
-0.72641098499298095703
1
-0.57907724380493164062
0.70292812585830688477
0.54872393608093261719
1
0.1563412398099899292
0.97940677404403686523
-0.026527762413024902344
1
-0.92174184322357177734
0.26040220260620117188
-0.090246915817260742188
1
-1.2808705568313598633
0.031604640185832977295
0.11495483666658401489
1
-1.150423884391784668
-0.75311899185180664062
-0.26455041766166687012
1
-0.24490331113338470459
-1.1174743175506591797
0.58734011650085449219
1
0.72423326969146728516
-0.17930012941360473633
-0.26229226589202880859
1
-0.12700289487838745117
0.32110178470611572266
-0.59940278530120849609
1
-0.6736672520637512207
-0.40507310628890991211
-0.82566159963607788086
1
0.76735132932662963867
-0.32716327905654907227
-1.3436520099639892578
1
-0.59683257341384887695
1.2048215866088867188
0.81123882532119750977
1
-0.27194449305534362793
-1.0001132488250732422
-0.46543958783149719238
1
0.059339851140975952148
-1.1113297939300537109
-0.82566905021667480469
1
-1.2005797624588012695
0.32469469308853149414
-0.026800554245710372925
1
1.4499468803405761719
0.21627415716648101807
0.37582457065582275391
1
-0.28659921884536743164
-0.34469550848007202148
1.0279172658920288086
1
-0.87452286481857299805
0.044715203344821929932
-0.72757709026336669922
1
-0.69053560495376586914
0.86675399541854858398
-0.97467571496963500977
1
0.68438833951950073242
-0.58236497640609741211
0.54416966438293457031
1
0.30296286940574645996
-0.60095298290252685547
-0.11371000111103057861
1
-0.96038383245468139648
-0.53968578577041625977
0.54800707101821899414
1
-1.0435453653335571289
0.86293584108352661133
1.0329798460006713867
1
0.28394335508346557617
0.73992300033569335938
-0.70361196994781494141
1
0.24748089909553527832
0.9724566340446472168
0.22526197135448455811
1
-1.3741217851638793945
-0.039973147213459014893
-0.31588590145111083984
1
0.061720840632915496826
-0.060497522354125976562
0.88814240694046020508
1
0.6085789799690246582
0.1012050434947013855
0.37622869014739990234
1
-1.5433865785598754883
0.35817474126815795898
0.14654143154621124268
1
0.95257532596588134766
0.66134029626846313477
0.87281167507171630859
1
0.41480866074562072754
0.3477916717529296875
-0.94002336263656616211
1
0.96201646327972412109
0.27772998809814453125
0.18906660377979278564
1
-0.87936675548553466797
0.40819400548934936523
0.38856524229049682617
1
-0.13071179389953613281
0.92409664392471313477
-1.1644176244735717773
1
1.1172063350677490234
-0.48254552483558654785
0.44363585114479064941
1
-0.12319713830947875977
0.83374065160751342773
-1.1241289377212524414
1
0.82513165473937988281
-1.298752903938293457
0.43359342217445373535
1
0.13256449997425079346
-0.38615196943283081055
0.80028998851776123047
1
1.1997580528259277344
0.89373058080673217773
0.0876216888427734375
1
0.20930935442447662354
0.10055393725633621216
-0.13225410878658294678
1
-0.57650530338287353516
-0.18976113200187683105
-0.66255110502243041992
1
-0.14967773854732513428
-0.33955696225166320801
-1.6263977289199829102
1
0.55690950155258178711
0.29626321792602539062
0.37069833278656005859
1
0.36390802264213562012
-0.37507674098014831543
-0.39015111327171325684
1
-0.50541013479232788086
-0.23509415984153747559
0.17213873565196990967
1
-0.0099030882120132446289
0.61399835348129272461
-1.096225738525390625
1
0.79061412811279296875
0.55499768257141113281
-1.0246791839599609375
1
0.58660048246383666992
0.39563652873039245605
0.88980060815811157227
1
0.71473801136016845703
-0.65095186233520507812
0.5589249730110168457
1
-0.70329207181930541992
0.93938809633255004883
0.0072318464517593383789
1
-0.25606384873390197754
-0.075748994946479797363
-0.023723736405372619629
1
0.45780885219573974609
-0.4581438601016998291
-1.0395729541778564453
1
0.67803871631622314453
0.009566435590386390686
0.82337552309036254883
1
-0.25310924649238586426
0.57931858301162719727
-0.41100507974624633789
1
-0.36550170183181762695
0.73068767786026000977
1.4044172763824462891
1
1.34423065185546875
0.0062340572476387023926
-0.33090865612030029297
1
-0.91461974382400512695
0.67199146747589111328
0.16507947444915771484
1
0.3803660273551940918
-0.69647485017776489258
-1.0794842243194580078
1
-0.074885986745357513428
0.75187933444976806641
-1.2509530782699584961
1
0.80077886581420898438
-0.80939066410064697266
-0.23343557119369506836
1
0.78622770309448242188
-0.96815294027328491211
0.10418564826250076294
1
0.62472784519195556641
-0.95051729679107666016
-0.75558930635452270508
1
-0.66061925888061523438
-0.56530880928039550781
0.53908383846282958984
1
0.60263878107070922852
0.43914863467216491699
0.087459444999694824219
1
0.66399288177490234375
-0.2196458280086517334
0.26014536619186401367
1
0.46154138445854187012
-0.79311728477478027344
0.86410832405090332031
1
-0.65944707393646240234
-0.68727523088455200195
-0.39717477560043334961
1
0.54504287242889404297
1.0187057256698608398
-0.66853570938110351562
1
-0.93655830621719360352
-0.20127816498279571533
-0.12025888264179229736
1
-0.72918874025344848633
-0.2472019195556640625
-1.3749158382415771484
1
0.38137036561965942383
-0.16305902600288391113
0.16965015232563018799
1
-0.30900406837463378906
-1.0260039567947387695
-0.88664931058883666992
1
-0.55570876598358154297
-0.1319293677806854248
1.0083445310592651367
1
-0.54033863544464111328
0.56472438573837280273
0.31377512216567993164
1
-0.1492325514554977417
0.627483367919921875
0.37141257524490356445
1
-0.90553534030914306641
-0.39489531517028808594
0.26995396614074707031
1
0.75066667795181274414
-0.11270278692245483398
1.3534621000289916992
1
-0.67730963230133056641
0.53578108549118041992
0.31820574402809143066
1
-0.29607978463172912598
-1.0417649745941162109
-0.80617552995681762695
1
-0.012769026681780815125
0.23603641986846923828
-0.24131219089031219482
1
-1.0888608694076538086
0.22985035181045532227
-0.97881007194519042969
1
0.32670649886131286621
0.29564553499221801758
-0.21129131317138671875
1
-0.74875199794769287109
-0.064203545451164245605
0.047100841999053955078
1
-0.70482611656188964844
1.1295604705810546875
-0.015148021280765533447
1
-0.58787858486175537109
-0.59801995754241943359
-0.97287893295288085938
1
0.41777083277702331543
-0.45852425694465637207
0.74212908744812011719
1
-0.37604615092277526855
-0.79366225004196166992
-0.84817403554916381836
1
1.0912746191024780273
0.48455020785331726074
0.81464564800262451172
1
1.3476035594940185547
-0.14355129003524780273
0.19582100212574005127
1
0.65379613637924194336
-0.015821840614080429077
0.36879548430442810059
1
1.1362718343734741211
-0.62518006563186645508
-0.2855446934700012207
1
-0.42127060890197753906
-0.079992838203907012939
0.81080555915832519531
1
0.89053809642791748047
-0.1731783449649810791
-1.1681919097900390625
1
0.87318068742752075195
0.26021862030029296875
0.073167033493518829346
1
-0.25007903575897216797
0.54494571685791015625
1.0019750595092773438
1
0.68990224599838256836
-0.48487019538879394531
0.69038164615631103516
1
0.026656400412321090698
0.71399790048599243164
-1.0673563480377197266
1
0.71474927663803100586
0.25096973776817321777
0.46693646907806396484
1
0.29385390877723693848
-0.27884948253631591797
-0.38398030400276184082
1
-0.9226487278938293457
-0.93648129701614379883
0.72728145122528076172
1
1.8582996129989624023
-1.9051729440689086914
3.9563624858856201172
10.774885177612304688
3.6021089553833007812
3.6022334098815917969
-5.1234326362609863281
1.2315926551818847656
-0.30710819363594055176
-4.126064300537109375
8.3285274505615234375
-6.968708038330078125
-4.5746517181396484375
7.9369411468505859375
0.052000455558300018311
2.1705307960510253906
-1.6824634075164794922
2.7572178840637207031
8.3351945877075195312
-2.8504757881164550781
5.785198211669921875
10.666186332702636719
-2.21268463134765625
-7.8404984474182128906
0.72984468936920166016
-4.9839549064636230469
7.5459232330322265625
-7.3274049758911132812
-4.9769468307495117188
3.4258456230163574219
-3.8740048408508300781
-4.4283165931701660156
-8.342254638671875
0.33663725852966308594
4.6807470321655273438
-10.026126861572265625
-6.73410797119140625
7.2147402763366699219
-4.6489734649658203125
-2.3160071372985839844
0.67039847373962402344
12.577245712280273438
4.7548184394836425781
-2.1672341823577880859
1.5542099475860595703
3.8322477340698242188
-11.767428398132324219
-0.91539740562438964844
-4.7666525840759277344
-10.102796554565429688
1.3934491872787475586
0.29420012235641479492
-10.486983299255371094
-4.4073266983032226562
3.8077769279479980469
5.8018693923950195312
-4.6864829063415527344
1.0997071266174316406
-4.9762487411499023438
-9.9812707901000976562
1.8127613067626953125
-1.0897948741912841797
10.054777145385742188
-4.07642364501953125
3.8576350212097167969
3.7907390594482421875
-3.6506414413452148438
-4.8224291801452636719
-9.3023834228515625
-5.5066008567810058594
1.8646275997161865234
6.2224192619323730469
0.92837369441986083984
-2.0570330619812011719
9.9375181198120117188
-1.4539313316345214844
-10.671289443969726562
1.1668992042541503906
-2.7152791023254394531
-4.5704884529113769531
9.1550378799438476562
1.0622186660766601562
4.6760892868041992188
1.9684336185455322266
-4.7935695648193359375
-2.3691036701202392578
7.954883575439453125
-5.8977293968200683594
-9.485931396484375
2.4892868995666503906
-5.1277585029602050781
0.74295938014984130859
-5.2972283363342285156
-5.0291800498962402344
4.7618923187255859375
0.14951539039611816406
-2.2131137847900390625
-4.7734384536743164062
5.843616485595703125
1.5960736274719238281
5.5647935867309570312
8.9937543869018554688
6.1250772476196289062
5.4359126091003417969
-7.4615130424499511719
1.724034428596496582
4.0478658676147460938
-0.12256640195846557617
-0.74799525737762451172
-10.492821693420410156
-5.7499647140502929688
-7.9529662132263183594
-2.4210920333862304688
-6.0380129814147949219
-1.9792877435684204102
-1.8673298358917236328
10.568947792053222656
3.1595480442047119141
-7.5450458526611328125
-0.40241074562072753906
-6.3463768959045410156
2.6005144119262695312
6.9651732444763183594
2.1243491172790527344
-11.517482757568359375
-0.11319482326507568359
5.0551481246948242188
-2.6670930385589599609
8.6172380447387695312
6.491641998291015625
7.8506779670715332031
6.7624797821044921875
5.6288571357727050781
-7.4945654869079589844
7.5731148719787597656
0.45385062694549560547
-8.0497503280639648438
3.2556786537170410156
-4.7833170890808105469
-5.6998310089111328125
2.1868000030517578125
-1.6196699142456054688
-3.3385567665100097656
3.8847784996032714844
5.1487355232238769531
-3.6391632556915283203
-5.860721588134765625
2.0709767341613769531
10.054081916809082031
-7.3428254127502441406
10.234477043151855469
4.3802957534790039062
0.29444733262062072754
1.4024324417114257812
-1.651274561882019043
-11.202970504760742188
-0.66804277896881103516
2.5535192489624023438
-3.5503263473510742188
-8.0838670730590820312
-3.3218863010406494141
-1.6401401758193969727
4.9238519668579101562
4.6631689071655273438
-0.48538047075271606445
7.5136084556579589844
-2.3502137660980224609
8.0479459762573242188
1.5682668685913085938
-0.58311605453491210938
2.3485398292541503906
-5.4071760177612304688
-4.9861049652099609375
4.3375582695007324219
10.597060203552246094
-6.3448939323425292969
3.1356303691864013672
-0.057967722415924072266
-1.8090295791625976562
4.0579175949096679688
-3.8267836570739746094
-4.7677912712097167969
3.3290150165557861328
-2.0546469688415527344
-6.9665689468383789062
-6.1035618782043457031
-8.1114864349365234375
5.5814938545227050781
0.31267139315605163574
9.711334228515625
6.0699591636657714844
-2.2364678382873535156
0.34420406818389892578
0.23210912942886352539
4.5037407875061035156
2.5623521804809570312
-6.5315766334533691406
-1.9799680709838867188
-0.50683635473251342773
10.252493858337402344
5.0923027992248535156
-1.0182886123657226562
-9.5949916839599609375
3.9636521339416503906
-1.2794253826141357422
-2.1740267276763916016
1.4523990154266357422
2.4437956809997558594
9.3416290283203125
1.8014352321624755859
-6.2122492790222167969
2.1862397193908691406
2.4454493522644042969
-6.7977142333984375
4.2678737640380859375
-2.1664378643035888672
-0.21912717819213867188
-11.007842063903808594
8.8012399673461914062
9.9405527114868164062
2.5546565055847167969
-0.96821177005767822266
0.67290580272674560547
-1.6396906375885009766
-0.085361689329147338867
-8.9954090118408203125
-3.2640061378479003906
-5.5048918724060058594
-7.5329880714416503906
-6.5661301612854003906
1.8747143745422363281
-8.8333826065063476562
-5.7313561439514160156
-0.013858854770660400391
-5.5716991424560546875
4.2421627044677734375
6.0927495956420898438
7.2576870918273925781
1.3730335235595703125
-4.9613094329833984375
-9.5321016311645507812
0.26658028364181518555
3.3665790557861328125
-0.86768859624862670898
2.5091001987457275391
-2.4010534286499023438
-2.0912053585052490234
10.297246932983398438
-2.4040989875793457031
-6.0549550056457519531
0.38462972640991210938
6.4027318954467773438
5.4265561103820800781
-2.2411077022552490234
-3.1738994121551513672
-5.3486242294311523438
1.6321103572845458984
-6.9408941268920898438
-10.942052841186523438
-0.85716700553894042969
1.8564075231552124023
0.078484743833541870117
1.6995069980621337891
1.235774993896484375
6.7010927200317382812
9.7567148208618164062
4.3428936004638671875
3.0796403884887695312
-3.5476667881011962891
-1.7104400396347045898
-4.0374970436096191406
5.1495308876037597656
0.44406890869140625
-3.8136832714080810547
-0.36481809616088867188
9.785587310791015625
5.7846798896789550781
-2.0584993362426757812
-2.8541972637176513672
-4.5280523300170898438
5.39258575439453125
0.99244129657745361328
-4.3527278900146484375
9.534862518310546875
-3.5752022266387939453
6.9334011077880859375
-10.807580947875976562
-0.1466938704252243042
-0.13448244333267211914
-0.28753608465194702148
12.608884811401367188
1.263811945915222168
12.12290191650390625
2.7171154022216796875
-7.6579785346984863281
5.3757953643798828125
-2.6695199012756347656
-0.92523932456970214844
0.32342267036437988281
-5.6116595268249511719
2.9496133327484130859
2.1825799942016601562
-6.7993922233581542969
5.6738028526306152344
-10.449925422668457031
-4.973262786865234375
-8.0987110137939453125
-2.3182365894317626953
6.5010690689086914062
3.3056952953338623047
-4.8475441932678222656
-2.2142848968505859375
-6.3909091949462890625
-5.635730743408203125
3.8287019729614257812
-1.9154651165008544922
-3.4159517288208007812
-9.19916534423828125
0.84861594438552856445
0.1526241302490234375
7.994785308837890625
5.0980730056762695312
-6.8353099822998046875
-7.7018370628356933594
0.38848534226417541504
-1.912278294563293457
6.46674346923828125
-0.43623626232147216797
-4.2339625358581542969
2.4544329643249511719
-5.3353452682495117188
4.4381361007690429688
0.44230958819389343262
6.4726738929748535156
5.1563129425048828125
-0.84497100114822387695
11.604489326477050781
-2.4472241401672363281
-3.6351318359375
-12.915121078491210938
-1.1523233652114868164
2.5354566574096679688
-5.8535490036010742188
3.045421600341796875
-6.3295335769653320312
-5.1805200576782226562
1.6717126369476318359
-6.0062093734741210938
-7.706878662109375
0.17615789175033569336
-6.4829568862915039062
2.8058843612670898438
5.4081516265869140625
-9.1087656021118164062
-0.35267889499664306641
-0.95960968732833862305
0.51228612661361694336
5.9146862030029296875
-10.571261405944824219
5.0221190452575683594
-2.0274424552917480469
-5.6159520149230957031
-8.6200208663940429688
-0.13326376676559448242
-8.1486120223999023438
5.9462637901306152344
4.182537078857421875
-6.2338395118713378906
6.6035294532775878906
-3.3626525402069091797
3.4089798927307128906
7.1530280113220214844
-1.4403002262115478516
6.6288371086120605469
8.0669870376586914062
2.7506501674652099609
6.0346078872680664062
-9.9885311126708984375
-4.6817655563354492188
-6.7291593551635742188
3.6567385196685791016
1.8531384468078613281
-6.2047257423400878906
-8.5114660263061523438
1.6571851968765258789
-11.272780418395996094
-0.054724633693695068359
7.4821133613586425781
-6.9624872207641601562
6.3106298446655273438
4.2257342338562011719
4.8469576835632324219
6.2743482589721679688
-3.5381844043731689453
2.5010242462158203125
2.1767230033874511719
8.9422578811645507812
-6.572689056396484375
2.1222314834594726562
-10.568646430969238281
1.5725780725479125977
-6.1481351852416992188
1.6870393753051757812
-6.8863077163696289062
-4.7448568344116210938
-7.2822785377502441406
-4.1896610260009765625
5.7534880638122558594
-0.27431118488311767578
5.7347970008850097656
-10.396474838256835938
8.2743434906005859375
-4.5008649826049804688
6.3194451332092285156
6.9137639999389648438
1.9343802928924560547
1.7970988750457763672
0.68740046024322509766
5.3868889808654785156
-0.34919774532318115234
-1.7403136491775512695
-1.0320355892181396484
7.663166046142578125
-3.2410898208618164062
4.274829864501953125
7.6703286170959472656
-2.2583358287811279297
-5.3908128738403320312
-0.75580072402954101562
2.8086266517639160156
-3.7650208473205566406
6.6723108291625976562
-3.1511492729187011719
0.73803037405014038086
-2.9057755470275878906
0.5772272944450378418
11.0001068115234375
-0.80664092302322387695
-4.1079306602478027344
3.62060546875
-9.616424560546875
4.3093667030334472656
4.2169909477233886719
-9.965297698974609375
-5.4603047370910644531
2.6613590717315673828
10.22597503662109375
5.5712218284606933594
4.4469103813171386719
-8.7765645980834960938
-1.7731091976165771484
8.27222442626953125
-1.2328383922576904297
0.57624375820159912109
4.8628602027893066406
10.804299354553222656
-1.490450739860534668
8.6490030288696289062
4.1650128364562988281
2.2498912811279296875
-10.395146369934082031
-1.8652338981628417969
-6.4786753654479980469
-4.6386837959289550781
10.018329620361328125
0.38443353772163391113
7.6762146949768066406
-1.5265963077545166016
-2.2530102729797363281
7.8871660232543945312
-2.9990630149841308594
4.886280059814453125
-3.5485622882843017578
-1.6805241107940673828
-1.4413422346115112305
-10.53531646728515625
-4.9893565177917480469
1.4124567508697509766
-3.0465524196624755859
-2.3786101341247558594
8.94127655029296875
4.3724765777587890625
0.90040284395217895508
4.5761547088623046875
4.987667083740234375
1.7574644088745117188
2.4075260162353515625
3.7012362480163574219
-9.1804285049438476562
0.94662153720855712891
-3.8587012290954589844
5.1778697967529296875
7.1710371971130371094
-7.2418155670166015625
4.1498141288757324219
-0.25606614351272583008
1.3047058582305908203
-11.489756584167480469
-0.47846210002899169922
-1.1191954612731933594
-8.9476385116577148438
2.4803395271301269531
2.3318989276885986328
9.6308298110961914062
-0.76789516210556030273
0.73958450555801391602
-5.4370932579040527344
-1.0817795991897583008
3.0006837844848632812
-1.7094651460647583008
3.6076917648315429688
0.73436176776885986328
-3.4828345775604248047
0.83665227890014648438
1.1870619058609008789
-6.2256340980529785156
-3.6808321475982666016
0.38876134157180786133
9.4549160003662109375
-2.0849480628967285156
1.9984242916107177734
8.8535938262939453125
1.0214613676071166992
5.3124666213989257812
6.2862200736999511719
5.047298431396484375
3.2865891456604003906
-3.4318342208862304688
3.8725521564483642578
-1.8903286457061767578
10.845576286315917969
-4.7110419273376464844
0.83569794893264770508
5.8489809036254882812
-6.8535714149475097656
-0.38130137324333190918
6.732471466064453125
2.2534818649291992188
0.20865750312805175781
-6.4220538139343261719
1.1627950668334960938
-0.33213394880294799805
3.6834743022918701172
5.1519064903259277344
1.2753627300262451172
-1.5259249210357666016
-4.8519015312194824219
10.233333587646484375
-7.6677904129028320312
5.0256595611572265625
-11.15496826171875
0.16550731658935546875
-7.6770043373107910156
-7.7035517692565917969
1.9653240442276000977
5.1401081085205078125
-6.0316753387451171875
-7.519260406494140625
8.30060577392578125
-4.5816483497619628906
7.849578857421875
0.96791350841522216797
1.4048035144805908203
-8.0597686767578125
8.0624980926513671875
0.37081062793731689453
5.9104247093200683594
-4.3960242271423339844
6.2166857719421386719
6.7288918495178222656
0.13599437475204467773
4.4097871780395507812
-1.5666155815124511719
-4.412578582763671875
3.6416354179382324219
-8.7243604660034179688
6.9479465484619140625
-0.7583243250846862793
-0.99852991104125976562
3.3170490264892578125
-4.25751495361328125
-10.079367637634277344
-0.42702901363372802734
0.82516771554946899414
-12.524628639221191406
1.6620959043502807617
1.4531071186065673828
0.7089131474494934082
3.5147020816802978516
-1.1083387136459350586
4.1011576652526855469
0.73978191614151000977
-3.2493736743927001953
-10.004261970520019531
-4.1503572463989257812
-3.9527313709259033203
6.8701968193054199219
4.2402768135070800781
5.7339143753051757812
-8.6353969573974609375
-9.503505706787109375
-0.6433861851692199707
2.733890533447265625
3.5939958095550537109
-9.785305023193359375
-3.2864172458648681641
-0.60980451107025146484
5.2496142387390136719
-0.44896793365478515625
0.30424058437347412109
4.6165442466735839844
-7.3451137542724609375
6.1434307098388671875
-1.7872222661972045898
6.2635297775268554688
-0.38834077119827270508
-2.9784493446350097656
3.4217975139617919922
-7.0864706039428710938
0.40221333503723144531
4.3389196395874023438
-8.4176950454711914062
6.8249135017395019531
3.1200704574584960938
-13.448587417602539062
-1.2410855293273925781
-2.4830822944641113281
1.2792227268218994141
7.0508222579956054688
-7.1864070892333984375
-4.4314517974853515625
-3.7484526634216308594
6.7193989753723144531
5.5916829109191894531
6.6290240287780761719
7.0646877288818359375
-7.3032431602478027344
-1.1321110725402832031
2.7514121532440185547
-7.1473407745361328125
-0.41821116209030151367
4.5807237625122070312
0.5563952326774597168
1.7341583967208862305
-1.5798177719116210938
7.1181368827819824219
3.9255146980285644531
-0.74970036745071411133
-1.8706507682800292969
4.6009459495544433594
-0.61312961578369140625
8.5618219375610351562
1.8059500455856323242
-2.9283492565155029297
2.9520571231842041016
-0.54686152935028076172
8.3205499649047851562
-1.3939951658248901367
-5.8737244606018066406
2.0161690711975097656
5.9674358367919921875
5.2447886466979980469
9.3585996627807617188
1.3308091163635253906
5.7246193885803222656
2.3199872970581054688
3.1030731201171875
1.268917083740234375
-2.9824640750885009766
3.7382664680480957031
4.5452604293823242188
-3.4947910308837890625
-0.11848425865173339844
-0.75706315040588378906
-1.1467859745025634766
-2.7071211338043212891
-2.7607898712158203125
-4.881683349609375
-2.8221955299377441406
9.7298717498779296875
-2.8530325889587402344
1.3013556003570556641
2.4140226840972900391
2.8121826648712158203
4.8727788925170898438
-10.533246994018554688
0.66781765222549438477
-2.6454329490661621094
0.43194079399108886719
6.2951993942260742188
-0.92762136459350585938
9.6093044281005859375
-0.56956958770751953125
0.044985115528106689453
8.3833942413330078125
-9.8955564498901367188
-4.5112919807434082031
1.799061894416809082
4.1105828285217285156
10.070588111877441406
-8.2966518402099609375
0.15230765938758850098
-4.0505375862121582031
-2.2157993316650390625
11.276473045349121094
-2.9870307445526123047
0.72522538900375366211
-5.7324810028076171875
2.0268342494964599609
6.2207965850830078125
-9.2537698745727539062
0.14832472801208496094
1.0258749723434448242
4.2993340492248535156
-3.7891592979431152344
3.5479347705841064453
4.5182194709777832031
4.6861758232116699219
-4.5726628303527832031
-9.1289815902709960938
7.1150193214416503906
3.3410389423370361328
7.2202315330505371094
-1.7798295021057128906
2.8338978290557861328
9.9784984588623046875
12.461528778076171875
1.0041152238845825195
1.0511584281921386719
-4.0972471237182617188
-4.8571200370788574219
3.4577341079711914062
6.2027158737182617188
7.3507747650146484375
-2.7591679096221923828
-4.0347614288330078125
5.1178326606750488281
1.3617500066757202148
3.8858244419097900391
5.30548095703125
0.95926970243453979492
0.036516249179840087891
-7.1317181587219238281
-2.9152374267578125
-1.9655933380126953125
9.392913818359375
-2.9903440475463867188
-2.0097587108612060547
-0.70996451377868652344
5.6071262359619140625
2.5232622623443603516
-9.8495874404907226562
-1.2714796066284179688
-10.498484611511230469
-2.0893893241882324219
-3.2632107734680175781
-5.0623154640197753906
8.5211210250854492188
1.8463106155395507812
2.639415740966796875
5.121883392333984375
1.0355761051177978516
-7.7432866096496582031
1.869360804557800293
3.7350988388061523438
-5.4105978012084960938
8.2540826797485351562
1.9816801548004150391
