-0.50751394033432006836
0.82614713907241821289
-0.68445384502410888672
1
-0.41646379232406616211
0.041274808347225189209
1.3928675651550292969
1
0.039831850677728652954
1.0444656610488891602
0.34693071246147155762
1
0.8357817530632019043
0.082374483346939086914
0.83133465051651000977
1
1.0808329582214355469
-0.71866947412490844727
0.12246187776327133179
1
0.68053317070007324219
-0.66437625885009765625
0.73468571901321411133
1
1.0139393806457519531
-0.52256160974502563477
-0.83477801084518432617
1
-0.31281507015228271484
0.96948200464248657227
0.56739306449890136719
1
1.1736713647842407227
0.43452829122543334961
-0.20958343148231506348
1
-0.59302973747253417969
-0.16313655674457550049
-0.84359151124954223633
1
0.56809067726135253906
-0.35977992415428161621
0.76929426193237304688
1
-0.43398627638816833496
0.16165395081043243408
0.24464434385299682617
1
0.46109741926193237305
-0.77602404356002807617
0.39879748225212097168
1
0.14200916886329650879
0.67534714937210083008
-1.1910958290100097656
1
0.30332237482070922852
1.0263893604278564453
-0.81961345672607421875
1
-0.60073643922805786133
0.653228759765625
-0.97772812843322753906
1
0.60363000631332397461
0.53572434186935424805
0.4239317476749420166
1
0.56905007362365722656
0.47164148092269897461
-0.74762231111526489258
1
-1.1972711086273193359
-0.42626920342445373535
0.23620672523975372314
1
-0.023411609232425689697
-0.11192058026790618896
1.0747418403625488281
1
0.56726950407028198242
0.70085483789443969727
-1.1117006540298461914
1
0.97983306646347045898
-0.012090821750462055206
-0.50828719139099121094
1
-1.2078272104263305664
0.45339870452880859375
-0.42011725902557373047
1
-0.22383061051368713379
1.3382436037063598633
0.25739651918411254883
1
0.38704913854598999023
0.054561395198106765747
-0.89984166622161865234
1
-0.13023594021797180176
0.86507451534271240234
0.59159541130065917969
1
0.24219535291194915771
0.09208965301513671875
0.29273942112922668457
1
-0.072119295597076416016
-1.016953587532043457
0.3379656672477722168
1
-0.056261274963617324829
-0.84548789262771606445
1.0064498186111450195
1
0.38796943426132202148
1.0351995229721069336
-0.59087783098220825195
1
0.67594230175018310547
-0.92291468381881713867
-0.30434200167655944824
1
-0.36292514204978942871
-0.59934335947036743164
0.73121583461761474609
1
0.3648160398006439209
0.43949291110038757324
0.057025801390409469604
1
-0.32487440109252929688
0.634685516357421875
1.1362859010696411133
1
0.27460259199142456055
0.42433452606201171875
0.79871666431427001953
1
0.50639635324478149414
-0.26955363154411315918
0.34490066766738891602
1
0.61880379915237426758
0.05590411648154258728
1.0244359970092773438
1
-0.35525211691856384277
0.42398166656494140625
-0.14746303856372833252
1
0.22706119716167449951
0.96387684345245361328
0.25466132164001464844
1
-0.30067339539527893066
0.18721631169319152832
0.16770040988922119141
1
-0.43087619543075561523
0.47395020723342895508
1.2828898429870605469
1
0.45128220319747924805
0.28549104928970336914
0.54378616809844970703
1
0.072528958320617675781
-0.92108362913131713867
0.49831801652908325195
1
0.45187240839004516602
-0.48823428153991699219
-1.3854829072952270508
1
0.56031888723373413086
1.2448964118957519531
-0.57614570856094360352
1
1.3096765279769897461
-0.095325939357280731201
-0.74853527545928955078
1
0.081689536571502685547
0.25333034992218017578
0.70654493570327758789
1
-0.46955844759941101074
-0.90640026330947875977
0.069696284830570220947
1
0.44701263308525085449
-0.17451627552509307861
-0.7114111781120300293
1
0.31034898757934570312
-0.5498492121696472168
0.51731729507446289062
1
-0.75081813335418701172
-1.3144341707229614258
0.044297125190496444702
1
-0.63791245222091674805
0.6414483189582824707
0.9860503077507019043
1
-0.48805776238441467285
0.5927874445915222168
-0.13393631577491760254
1
-0.31015634536743164062
-0.88837832212448120117
-0.14583851397037506104
1
-1.2026642560958862305
-0.34497189521789550781
0.29626932740211486816
1
-0.3874613642692565918
-0.3637860417366027832
-1.2397289276123046875
1
0.66044944524765014648
0.41642799973487854004
0.049706742167472839355
1
-1.2251214981079101562
-0.062286444008350372314
-0.70741283893585205078
1
-0.63262802362442016602
0.18790273368358612061
0.44512116909027099609
1
-1.0080158710479736328
-0.98872113227844238281
-0.43185955286026000977
1
0.76913422346115112305
-0.31177148222923278809
-0.41026723384857177734
1
1.1741935014724731445
0.53853666782379150391
-0.12119295448064804077
1
-0.78210061788558959961
0.23630070686340332031
-0.61239987611770629883
1
0.51715761423110961914
-0.10522891581058502197
1.0119227170944213867
1
0.53483635187149047852
-0.54253691434860229492
-0.47063535451889038086
1
0.59558045864105224609
-0.17218019068241119385
-0.81201189756393432617
1
-0.66441774368286132812
-0.98518007993698120117
-0.43352022767066955566
1
0.88145518302917480469
-0.35020011663436889648
-1.1077588796615600586
1
-1.0492807626724243164
0.93201941251754760742
-0.57538402080535888672
1
-0.11861417442560195923
-0.28034761548042297363
-0.123395577073097229
1
0.68321311473846435547
-0.46044376492500305176
1.1458476781845092773
1
-0.72495859861373901367
0.92715358734130859375
-0.64354443550109863281
1
0.54113876819610595703
1.1397622823715209961
-0.69027733802795410156
1
-0.85322785377502441406
-1.1922334432601928711
-0.14574204385280609131
1
0.39386996626853942871
-0.4092750847339630127
0.35571238398551940918
1
0.68984389305114746094
-0.10966995358467102051
0.88775259256362915039
1
0.7550754547119140625
0.094100803136825561523
0.073135703802108764648
1
1.1726332902908325195
0.43150323629379272461
-0.7194264531135559082
1
0.9200140833854675293
-0.33982682228088378906
0.047838058322668075562
1
-1.4320800304412841797
0.45444697141647338867
-0.065083138644695281982
1
-0.20100095868110656738
-0.57274705171585083008
0.2252152860164642334
1
-1.0950386524200439453
0.19789528846740722656
0.92638564109802246094
1
-0.32670140266418457031
0.59286212921142578125
-1.092250823974609375
1
1.253702998161315918
0.51813149452209472656
-0.038072582334280014038
1
-0.33606484532356262207
0.66589432954788208008
0.14586862921714782715
1
-0.42838507890701293945
0.73856556415557861328
0.11721050739288330078
1
0.12191847711801528931
-0.52562773227691650391
-0.21679104864597320557
1
-0.079887308180332183838
1.1106073856353759766
0.93829333782196044922
1
0.11599206924438476562
-1.0957214832305908203
-0.88358366489410400391
1
-0.33791011571884155273
0.1802530437707901001
0.38100010156631469727
1
-0.83164983987808227539
0.24240353703498840332
-0.018999483436346054077
1
-0.72127956151962280273
0.69537431001663208008
0.27920004725456237793
1
0.90476059913635253906
0.58674538135528564453
-0.68955075740814208984
1
0.98367196321487426758
0.42715618014335632324
-0.42468681931495666504
1
-0.37997698783874511719
0.40148144960403442383
-0.60914766788482666016
1
-0.12120883911848068237
1.045200347900390625
0.22857813537120819092
1
0.75169295072555541992
-0.71589249372482299805
-0.53382587432861328125
1
1.1154117584228515625
-0.74972301721572875977
-0.25413271784782409668
1
-0.65548253059387207031
1.0232523679733276367
0.4632969200611114502
1
0.091642446815967559814
-0.85399365425109863281
-0.47035720944404602051
1
-0.19666235148906707764
0.34216767549514770508
1.0467927455902099609
1
-0.1000097617506980896
0.54844880104064941406
0.7042064666748046875
1
-0.96907627582550048828
0.16608801484107971191
-0.29709491133689880371
1
0.42212620377540588379
-0.013037096709012985229
0.79553186893463134766
1
-0.60082000494003295898
-1.1147074699401855469
-0.66107666492462158203
1
0.84088790416717529297
-1.2298147678375244141
0.24386063218116760254
1
1.1206579208374023438
-0.31088808178901672363
0.10359989851713180542
1
0.14244517683982849121
0.15902927517890930176
0.80748784542083740234
1
-0.45639660954475402832
0.16661892831325531006
-0.52225637435913085938
1
0.78929358720779418945
0.5953966975212097168
-0.3039188385009765625
1
0.85123223066329956055
1.0258297920227050781
-0.28977483510971069336
1
1.1975018978118896484
0.79331731796264648438
-0.35561919212341308594
1
0.20552149415016174316
0.35410255193710327148
0.33087369799613952637
1
1.3407111167907714844
-0.22513689100742340088
0.27951946854591369629
1
-1.0834341049194335938
0.87050300836563110352
0.023946292698383331299
1
-1.0060117244720458984
-0.27962511777877807617
-0.81708937883377075195
1
0.88620609045028686523
0.76904404163360595703
-0.60344767570495605469
1
0.15917779505252838135
0.29192009568214416504
0.69665479660034179688
1
-0.15442520380020141602
0.66905838251113891602
0.97325313091278076172
1
-1.1129045486450195312
0.77103829383850097656
0.46223580837249755859
1
0.66556090116500854492
0.49577447772026062012
-0.49610015749931335449
1
1.3017877340316772461
-0.002224925672635436058
0.53631681203842163086
1
-0.56399649381637573242
1.1794190406799316406
-0.17131221294403076172
1
-0.61515438556671142578
-1.2237356901168823242
-0.65001380443572998047
1
0.83646023273468017578
1.1483505964279174805
-0.593311309814453125
1
-1.4379036426544189453
0.30422762036323547363
0.24908427894115447998
1
-0.017503196373581886292
-0.28208440542221069336
0.092147484421730041504
1
0.41190013289451599121
-1.1085538864135742188
0.17704291641712188721
1
-0.61905914545059204102
-0.68415123224258422852
-0.28436779975891113281
1
-1.0809550285339355469
0.39876919984817504883
0.19724835455417633057
1
1.1173584461212158203
-0.39773675799369812012
-0.13345745205879211426
1
0.52334833145141601562
0.053409047424793243408
0.20078341662883758545
1
-0.7244389653205871582
-0.56195330619812011719
-1.227357029914855957
1
0.32601922750473022461
0.21382455527782440186
0.87478709220886230469
1
0.23422770202159881592
0.041551835834980010986
-0.73623412847518920898
1
-1.4414273500442504883
-0.068109489977359771729
0.21436905860900878906
1
0.88621693849563598633
0.19906122982501983643
0.12776501476764678955
1
0.39482808113098144531
1.0853657722473144531
0.17952330410480499268
1
-1.1050837039947509766
-0.21636606752872467041
-0.77225655317306518555
1
-0.06984599679708480835
-1.4633024930953979492
0.46433031558990478516
1
-0.19198633730411529541
-0.23476834595203399658
-0.24889270961284637451
1
-1.1494176387786865234
0.11878912895917892456
-0.99947190284729003906
1
0.61533391475677490234
0.01354965846985578537
0.24278245866298675537
1
0.52285742759704589844
0.21312987804412841797
-0.32004022598266601562
1
-0.600353240966796875
0.049905013293027877808
-0.9213911890983581543
1
-0.62262642383575439453
0.54131132364273071289
1.0860763788223266602
1
1.3724733591079711914
-0.33328211307525634766
-0.22176153957843780518
1
-0.11693724244832992554
-0.77494329214096069336
0.1622906029224395752
1
1.0150353908538818359
-0.37478777766227722168
0.71861988306045532227
1
0.41268327832221984863
-0.55176126956939697266
1.3115211725234985352
1
-0.36031872034072875977
-0.45291900634765625
-1.0263932943344116211
1
1.0817081928253173828
-0.6641902923583984375
-0.59887665510177612305
1
0.16746377944946289062
0.58540576696395874023
1.063599705696105957
1
0.75377500057220458984
0.11767037957906723022
0.74894177913665771484
1
-0.055109113454818725586
0.16358321905136108398
-0.52580171823501586914
1
0.53216928243637084961
0.027292629703879356384
-0.34802937507629394531
1
0.44778457283973693848
0.91025501489639282227
-0.65734201669692993164
1
-0.67328524589538574219
0.76832753419876098633
0.57592320442199707031
1
0.1844921410083770752
1.1796519756317138672
0.076625414192676544189
1
-0.93708008527755737305
0.32027161121368408203
-0.034679796546697616577
1
-1.451428532600402832
-0.054128322750329971313
0.096261933445930480957
1
-1.2342867851257324219
-0.84903848171234130859
-0.29917812347412109375
1
-0.29030898213386535645
-1.1845251321792602539
0.76641422510147094727
1
0.69996702671051025391
-0.10074675083160400391
-0.36203366518020629883
1
-0.27009674906730651855
0.46392771601676940918
-0.67616218328475952148
1
-0.66430658102035522461
-0.42540517449378967285
-0.59291082620620727539
1
0.77443242073059082031
-0.30397638678550720215
-1.1541526317596435547
1
-0.64318811893463134766
1.1501102447509765625
0.61373561620712280273
1
-0.25640875101089477539
-1.0070503950119018555
-0.35419753193855285645
1
0.081466846168041229248
-1.1617815494537353516
-0.78762614727020263672
1
-1.2653841972351074219
0.30946430563926696777
0.043438144028186798096
1
1.423305511474609375
0.19007249176502227783
0.49747571349143981934
1
-0.20831955969333648682
-0.34783321619033813477
0.8311741948127746582
1
-0.82773935794830322266
0.0036143683828413486481
-0.8993218541145324707
1
-0.70592808723449707031
0.75512832403182983398
-1.0940432548522949219
1
0.58071029186248779297
-0.64044564962387084961
0.60055404901504516602
1
0.2256428450345993042
-0.55395299196243286133
-0.32966625690460205078
1
-0.85856193304061889648
-0.54970002174377441406
0.4224561154842376709
1
-0.90037608146667480469
0.86615431308746337891
0.8928286433219909668
1
0.24025930464267730713
0.7331116795539855957
-0.57165837287902832031
1
0.22086125612258911133
0.97143876552581787109
0.15251724421977996826
1
-1.4681648015975952148
-0.063708476722240447998
-0.28348585963249206543
1
0.15612243115901947021
-0.26413848996162414551
1.0316424369812011719
1
0.50669521093368530273
0.32233417034149169922
0.36949315667152404785
1
-1.3748711347579956055
0.50232100486755371094
0.10733047127723693848
1
0.84502017498016357422
0.77588838338851928711
1.0169662237167358398
1
0.2475210726261138916
0.43896475434303283691
-1.0883454084396362305
1
0.93096619844436645508
0.24540933966636657715
0.34542828798294067383
1
-1.0355089902877807617
0.3968258202075958252
0.26250985264778137207
1
-0.040862116962671279907
0.78661489486694335938
-1.2878296375274658203
1
1.1053954362869262695
-0.56425124406814575195
0.47052529454231262207
1
-0.029010867699980735779
0.74580109119415283203
-0.95014691352844238281
1
0.68313413858413696289
-1.2755753993988037109
0.45002669095993041992
1
0.067990988492965698242
-0.29301828145980834961
0.99487859010696411133
1
1.2016006708145141602
0.87050962448120117188
0.33593028783798217773
1
0.17642039060592651367
0.072398066520690917969
-0.14406482875347137451
1
-0.64647966623306274414
-0.1677589714527130127
-0.74475574493408203125
1
-0.1642796248197555542
-0.27341133356094360352
-1.4182751178741455078
1
0.63373988866806030273
0.36563369631767272949
0.23369604349136352539
1
0.27914899587631225586
-0.48559272289276123047
-0.21436391770839691162
1
-0.3097877800464630127
-0.21811972558498382568
0.11521441489458084106
1
-0.079406321048736572266
0.81253927946090698242
-1.025646209716796875
1
0.79707467555999755859
0.44802764058113098145
-1.0066236257553100586
1
0.57642471790313720703
0.29723259806632995605
1.0261993408203125
1
0.58386403322219848633
-0.60352528095245361328
0.4414609074592590332
1
-0.69012719392776489258
0.99202591180801391602
-0.058954793959856033325
1
-0.10932316631078720093
-0.085934050381183624268
-0.11039005964994430542
1
0.62413358688354492188
-0.59144967794418334961
-1.0959992408752441406
1
0.93501073122024536133
0.033998709172010421753
0.85871261358261108398
1
-0.27832555770874023438
0.43286851048469543457
-0.26344189047813415527
1
-0.27519628405570983887
0.79762345552444458008
1.2569601535797119141
1
1.2227927446365356445
-0.12734387814998626709
-0.4687309563159942627
1
-0.76074099540710449219
0.6884396672248840332
0.11261672526597976685
1
0.52316075563430786133
-0.68111366033554077148
-1.1635717153549194336
1
-0.083787143230438232422
0.71818679571151733398
-1.2048259973526000977
1
0.65371012687683105469
-0.87957990169525146484
-0.219541206955909729
1
0.81905704736709594727
-1.0527001619338989258
0.11582556366920471191
1
0.45058989524841308594
-0.97908258438110351562
-0.69191646575927734375
1
-0.71687394380569458008
-0.54905986785888671875
0.36843186616897583008
1
0.63065016269683837891
0.54181838035583496094
0.048722743988037109375
1
0.53875184059143066406
-0.31725683808326721191
0.076686732470989227295
1
0.43428283929824829102
-0.89850521087646484375
0.81046098470687866211
1
-0.71448910236358642578
-0.71308159828186035156
-0.33421653509140014648
1
0.4648469090461730957
0.93040740489959716797
-0.59514278173446655273
1
-0.92724889516830444336
-0.18229667842388153076
-0.096043191850185394287
1
-0.67139160633087158203
-0.19150424003601074219
-1.2688438892364501953
1
0.44159767031669616699
-0.35303711891174316406
0.22982411086559295654
1
-0.32176753878593444824
-1.0618835687637329102
-0.93792712688446044922
1
-0.64667290449142456055
0.080612637102603912354
0.98691827058792114258
1
-0.48437657952308654785
0.55330032110214233398
0.18540601432323455811
1
-0.12921246886253356934
0.43111568689346313477
0.3806914985179901123
1
-0.90024590492248535156
-0.56045234203338623047
0.46831586956977844238
1
0.83587259054183959961
-0.14821159839630126953
1.2607319355010986328
1
-0.87229102849960327148
0.70302969217300415039
0.31512802839279174805
1
-0.2263927757740020752
-0.99675291776657104492
-1.0250896215438842773
1
0.049190692603588104248
0.21795606613159179688
-0.12389235198497772217
1
-1.1293933391571044922
0.10271319746971130371
-0.79123294353485107422
1
0.32408830523490905762
0.27019295096397399902
-0.2927366793155670166
1
-0.66782164573669433594
-0.13257873058319091797
-0.043583355844020843506
1
-0.79316937923431396484
1.2108055353164672852
0.16702097654342651367
1
-0.72526317834854125977
-0.66052901744842529297
-1.1131732463836669922
1
0.45741236209869384766
-0.50650143623352050781
0.53579360246658325195
1
-0.62243020534515380859
-0.80905050039291381836
-0.86454743146896362305
1
1.1655243635177612305
0.57712197303771972656
0.74041992425918579102
1
1.2067971229553222656
-0.29167437553405761719
0.25397601723670959473
1
0.723896026611328125
-0.11556570231914520264
0.33527892827987670898
1
1.0543208122253417969
-0.72012251615524291992
-0.29738295078277587891
1
-0.41752213239669799805
0.06422278285026550293
0.8629767298698425293
1
0.92219358682632446289
-0.36273494362831115723
-1.1016441583633422852
1
0.90338039398193359375
0.24753430485725402832
-0.024204684421420097351
1
-0.29401999711990356445
0.73853379487991333008
1.0205239057540893555
1
0.89146465063095092773
-0.43799459934234619141
0.74885040521621704102
1
0.12960597872734069824
0.55292987823486328125
-1.0947546958923339844
1
0.65015232563018798828
0.14512529969215393066
0.43840500712394714355
1
0.44835975766181945801
-0.31509387493133544922
-0.4521605372428894043
1
-0.81000787019729614258
-1.0962204933166503906
0.68363624811172485352
1
1.5594007968902587891
-1.1994024515151977539
3.5666522979736328125
10.557111740112304688
3.5024466514587402344
4.4811916351318359375
-5.1058382987976074219
2.4498357772827148438
0.082697510719299316406
-3.2068848609924316406
9.2530794143676757812
-6.2484836578369140625
-3.8382487297058105469
7.1474385261535644531
0.1709108203649520874
2.7668695449829101562
-2.7018721103668212891
3.6603746414184570312
9.021152496337890625
-3.2737436294555664062
5.1674833297729492188
10.406630516052246094
-1.2996643781661987305
-7.4275693893432617188
1.9775406122207641602
-5.28290557861328125
7.5905809402465820312
-7.8242983818054199219
-5.2442021369934082031
2.4740991592407226562
-3.4680085182189941406
-4.6584687232971191406
-7.3984537124633789062
-0.29365509748458862305
4.8268980979919433594
-10.020872116088867188
-6.7411146163940429688
6.1231842041015625
-4.5875215530395507812
-1.1088042259216308594
1.7299153804779052734
12.057668685913085938
4.4970674514770507812
-1.2604553699493408203
0.38598510622978210449
3.3890907764434814453
-11.574801445007324219
-1.6068648099899291992
-4.3216023445129394531
-8.864917755126953125
2.1022360324859619141
0.57024550437927246094
-10.376688003540039062
-5.1793694496154785156
3.0024282932281494141
5.1386632919311523438
-4.9224081039428710938
0.30918025970458984375
-5.1308798789978027344
-8.9152460098266601562
2.1527378559112548828
-0.61516404151916503906
9.182544708251953125
-3.3278021812438964844
3.8667604923248291016
3.2268366813659667969
-4.4419856071472167969
-4.5007014274597167969
-9.6798734664916992188
-5.6393184661865234375
2.8494749069213867188
6.3568043708801269531
1.2411354780197143555
-1.8810218572616577148
9.1228685379028320312
-1.5312833786010742188
-10.044770240783691406
1.733287811279296875
-3.1252319812774658203
-4.7111949920654296875
9.3900785446166992188
0.87631648778915405273
3.8600172996520996094
2.1817979812622070312
-4.9742584228515625
-2.9281020164489746094
8.6301317214965820312
-6.3601088523864746094
-8.827419281005859375
2.6863687038421630859
-5.0322813987731933594
-0.33969259262084960938
-5.6983394622802734375
-5.4583730697631835938
4.2262701988220214844
0.72904092073440551758
-2.3490760326385498047
-4.0521411895751953125
5.5425000190734863281
1.477724909782409668
5.764446258544921875
9.6248884201049804688
6.4551301002502441406
6.3358368873596191406
-6.6602544784545898438
1.9774305820465087891
3.6069762706756591797
0.43267035484313964844
-0.068408757448196411133
-9.8411960601806640625
-1.5324307680130004883
-8.366046905517578125
-2.2928700447082519531
-6.2781238555908203125
-1.6452448368072509766
-1.1106274127960205078
11.195155143737792969
3.0265474319458007812
-7.6397662162780761719
-0.36470299959182739258
-6.767120361328125
2.6239914894104003906
7.8985776901245117188
2.1865849494934082031
-11.301693916320800781
0.73460954427719116211
5.0009527206420898438
-3.4819514751434326172
9.101306915283203125
6.527805328369140625
7.6704082489013671875
5.7882437705993652344
5.9136896133422851562
-6.3116903305053710938
7.5817089080810546875
1.2835855484008789062
-8.1287078857421875
2.6782817840576171875
-5.41263580322265625
-5.6579871177673339844
2.865146636962890625
-1.9911892414093017578
-4.0334677696228027344
4.1852068901062011719
5.0616064071655273438
-3.8645670413970947266
-6.4136743545532226562
1.3825831413269042969
9.3359022140502929688
-6.704738616943359375
9.9207296371459960938
3.524906158447265625
0.53963983058929443359
0.84594202041625976562
-1.3925124406814575195
-10.731847763061523438
-1.1062135696411132812
3.1742274761199951172
-3.9184603691101074219
-8.1958751678466796875
-4.0473613739013671875
-1.6060497760772705078
4.1769547462463378906
4.6314778327941894531
0.20540702342987060547
7.6812620162963867188
-2.5979933738708496094
6.9657292366027832031
2.4655916690826416016
-0.24201145768165588379
2.2270994186401367188
-6.3417859077453613281
-5.1468420028686523438
4.0634927749633789062
9.9191637039184570312
-6.4701142311096191406
3.7165975570678710938
-0.7502982020378112793
-2.4186179637908935547
3.8661885261535644531
-3.2482821941375732422
-5.1762914657592773438
2.8829584121704101562
-1.238925933837890625
-6.0348911285400390625
-6.6697144508361816406
-8.6467227935791015625
5.8826465606689453125
-0.081516444683074951172
9.6824665069580078125
5.6026778221130371094
-3.5509915351867675781
0.56211555004119873047
-0.40219092369079589844
3.9710183143615722656
3.2455630302429199219
-6.7739801406860351562
-2.8248286247253417969
-1.1075220108032226562
9.3690176010131835938
4.6498250961303710938
-0.44293832778930664062
-10.16382598876953125
3.4040076732635498047
-1.9323205947875976562
-1.6411471366882324219
1.1356997489929199219
2.6957478523254394531
8.9404993057250976562
1.6012223958969116211
-5.7010469436645507812
1.7995619773864746094
3.3834605216979980469
-7.2224788665771484375
4.9535231590270996094
-2.5679237842559814453
0.75094747543334960938
-9.4372882843017578125
8.9056072235107421875
9.4160404205322265625
1.7904088497161865234
-0.95084726810455322266
0.81805241107940673828
-2.3357732295989990234
-0.30589553713798522949
-8.5778455734252929688
-3.9013526439666748047
-4.8515057563781738281
-6.810237884521484375
-6.5945687294006347656
1.3671910762786865234
-7.9285883903503417969
-5.666748046875
-0.65222299098968505859
-4.8618335723876953125
3.7852807044982910156
5.9881267547607421875
6.33667755126953125
1.8363412618637084961
-5.3162946701049804688
-9.9340314865112304688
-0.3221079707145690918
3.6940486431121826172
-1.5192296504974365234
2.4856698513031005859
-1.8289759159088134766
-2.5805344581604003906
10.641534805297851562
-3.1620473861694335938
-5.0405559539794921875
1.0508781671524047852
6.7412915229797363281
5.4373936653137207031
-1.6966855525970458984
-3.2266376018524169922
-5.6490917205810546875
2.4213800430297851562
-7.0471167564392089844
-11.19756317138671875
-1.4795224666595458984
1.5727915763854980469
0.12500336766242980957
2.4937410354614257812
1.7994022369384765625
6.9465303421020507812
9.2737903594970703125
3.7403697967529296875
2.7778191566467285156
-3.5864784717559814453
-1.1484928131103515625
-3.8055529594421386719
5.2885541915893554688
0.98489803075790405273
-4.3588099479675292969
0.69881105422973632812
10.582596778869628906
6.5380773544311523438
-1.6073746681213378906
-3.4965610504150390625
-3.7336602210998535156
5.7557973861694335938
0.55993002653121948242
-4.7598876953125
9.90210723876953125
-4.1164255142211914062
6.7484135627746582031
-10.157391548156738281
-0.32266253232955932617
0.37244433164596557617
-0.90829312801361083984
12.078630447387695312
2.4858875274658203125
11.88697052001953125
3.2148194313049316406
-8.1697254180908203125
6.2278609275817871094
-2.3949487209320068359
-0.92978012561798095703
-0.32166939973831176758
-5.9474072456359863281
2.7052724361419677734
2.2002038955688476562
-5.9100394248962402344
5.3792557716369628906
-9.96703338623046875
-4.4280877113342285156
-8.8427333831787109375
-2.425128936767578125
6.1456298828125
3.1204457283020019531
-4.9183397293090820312
-1.5339560508728027344
-7.1744203567504882812
-5.9336528778076171875
2.3537034988403320312
-1.4867753982543945312
-4.3340315818786621094
-9.1850452423095703125
1.5563564300537109375
-0.36233663558959960938
7.9397745132446289062
4.9701409339904785156
-7.1808605194091796875
-7.062961578369140625
-0.016876548528671264648
-1.9482914209365844727
6.0297784805297851562
-0.030587017536163330078
-3.5322198867797851562
2.2985520362854003906
-4.7984914779663085938
5.1807336807250976562
0.59112066030502319336
7.2654585838317871094
5.74854278564453125
-1.045615077018737793
11.302275657653808594
-1.8775188922882080078
-3.4131608009338378906
-12.094219207763671875
-1.3347433805465698242
3.4880108833312988281
-6.602481842041015625
3.6860535144805908203
-6.4230818748474121094
-5.946102142333984375
1.1543653011322021484
-6.9100065231323242188
-7.1045274734497070312
0.81197011470794677734
-6.9769511222839355469
2.7403721809387207031
5.9658575057983398438
-8.7503566741943359375
0.090515166521072387695
-0.31634885072708129883
1.0676946640014648438
5.0126962661743164062
-10.135350227355957031
5.5547199249267578125
-1.6986440420150756836
-5.2938055992126464844
-9.060092926025390625
0.86782497167587280273
-8.1722850799560546875
6.5071053504943847656
4.0550022125244140625
-5.2579336166381835938
6.2982583045959472656
-3.3000469207763671875
2.1233663558959960938
7.9227094650268554688
-0.723720550537109375
7.5646243095397949219
7.7861666679382324219
2.1663134098052978516
5.5343060493469238281
-9.396221160888671875
-4.8889069557189941406
-7.2387318611145019531
3.9026334285736083984
1.9143829345703125
-7.1147522926330566406
-8.4995441436767578125
1.5238555669784545898
-11.708788871765136719
0.22759047150611877441
6.4486441612243652344
-7.3436288833618164062
6.4289484024047851562
5.17144775390625
4.5627579689025878906
6.0657649040222167969
-3.7900049686431884766
2.6580665111541748047
1.9731104373931884766
8.6088409423828125
-6.9904990196228027344
1.0926187038421630859
-10.439630508422851562
2.010189056396484375
-4.9066042900085449219
1.2964338064193725586
-7.0549960136413574219
-5.468860626220703125
-8.2187738418579101562
-4.4136958122253417969
6.0905833244323730469
0.61402750015258789062
3.5334835052490234375
-9.33708953857421875
8.8444108963012695312
-3.5627384185791015625
6.5380682945251464844
6.2757720947265625
1.764798283576965332
1.7134485244750976562
0.62246263027191162109
4.563232421875
-0.13400810956954956055
-2.4054541587829589844
-1.6572020053863525391
7.0810952186584472656
-4.6966924667358398438
4.4199824333190917969
6.6535205841064453125
-1.9072105884552001953
-5.6451892852783203125
-0.86039900779724121094
3.2055213451385498047
-3.3931953907012939453
6.5405077934265136719
-3.3466804027557373047
0.91332465410232543945
-3.7501587867736816406
-0.01526355743408203125
11.341206550598144531
0.026767790317535400391
-3.0446801185607910156
3.3664684295654296875
-9.8901853561401367188
4.1698093414306640625
3.4255187511444091797
-9.9090509414672851562
-4.4441919326782226562
2.3211050033569335938
11.032597541809082031
5.4635090827941894531
3.8787505626678466797
-7.7330598831176757812
-1.9780052900314331055
8.1262979507446289062
-1.5853661298751831055
1.3158859014511108398
4.3610739707946777344
10.161834716796875
-1.2162624597549438477
9.19362640380859375
5.0494127273559570312
3.0609724521636962891
-10.571559906005859375
-1.8270457983016967773
-6.6290426254272460938
-4.6742892265319824219
9.4272890090942382812
0.60451173782348632812
7.5286264419555664062
-2.4196152687072753906
-2.5441267490386962891
8.786327362060546875
-3.9078366756439208984
4.5345211029052734375
-2.9913809299468994141
-1.0394052267074584961
-1.3737479448318481445
-9.4892063140869140625
-5.3259611129760742188
0.12136536836624145508
-2.9403884410858154297
-3.1781020164489746094
8.1145229339599609375
4.2008199691772460938
0.96888762712478637695
3.81012725830078125
4.604278564453125
1.7053081989288330078
2.1330418586730957031
3.0038495063781738281
-8.7269868850708007812
1.4800034761428833008
-3.9966361522674560547
4.7962694168090820312
7.1383490562438964844
-7.0407767295837402344
3.5261270999908447266
-0.68000030517578125
0.72849893569946289062
-11.785320281982421875
-0.2296460568904876709
-1.1994931697845458984
-10.002305984497070312
2.1552171707153320312
3.1392302513122558594
10.1194915771484375
-0.78568005561828613281
-0.045869350433349609375
-5.6871128082275390625
-1.1309200525283813477
2.0444822311401367188
-2.0948255062103271484
2.8727583885192871094
0.78867685794830322266
-3.5410354137420654297
1.8274902105331420898
1.4331048727035522461
-5.9394803047180175781
-4.1471357345581054688
-0.074992030858993530273
10.219394683837890625
-2.5934019088745117188
2.1116595268249511719
8.3208818435668945312
0.51778632402420043945
5.8501024246215820312
5.65053558349609375
5.320507049560546875
2.5214815139770507812
-2.2066044807434082031
3.8594486713409423828
-2.8096714019775390625
10.750049591064453125
-5.4711465835571289062
0.165721893310546875
6.7061152458190917969
-7.4633564949035644531
0.059456735849380493164
7.282649993896484375
2.1149239540100097656
0.47247424721717834473
-6.7733030319213867188
1.4991691112518310547
0.4339230656623840332
3.5909981727600097656
4.2523975372314453125
1.098170161247253418
-1.714081883430480957
-4.5882577896118164062
10.130763053894042969
-6.6822104454040527344
5.1627187728881835938
-10.957944869995117188
0.50804531574249267578
-9.1745357513427734375
-6.7110748291015625
1.9557718038558959961
5.6154046058654785156
-5.4231367111206054688
-6.8962001800537109375
8.4281549453735351562
-4.5356588363647460938
6.9826221466064453125
2.1371135711669921875
1.8272622823715209961
-7.5764007568359375
7.551723480224609375
0.76600801944732666016
6.6951155662536621094
-4.5889434814453125
7.5314879417419433594
5.612308502197265625
1.0450991392135620117
3.7607829570770263672
-1.1223294734954833984
-5.0060486793518066406
5.15232086181640625
-8.6738414764404296875
7.2518038749694824219
-1.5594203472137451172
-0.64479708671569824219
3.1403017044067382812
-5.0558538436889648438
-9.37949371337890625
0.24277365207672119141
1.4969298839569091797
-12.306231498718261719
1.6267997026443481445
1.3624799251556396484
0.47215774655342102051
3.4827339649200439453
-1.0918765068054199219
4.1193056106567382812
0.72040700912475585938
-3.3651895523071289062
-10.808001518249511719
-3.5326848030090332031
-2.9843153953552246094
6.8300333023071289062
4.2356243133544921875
5.3176846504211425781
-8.943325042724609375
-10.058732032775878906
-1.0540568828582763672
2.9585418701171875
3.3563275337219238281
-10.06878662109375
-3.7715268135070800781
-0.036250650882720947266
5.4473919868469238281
-1.35659027099609375
0.71333909034729003906
5.2238507270812988281
-6.2947573661804199219
6.943965911865234375
-2.9554386138916015625
5.4828772544860839844
-0.92814469337463378906
-2.2853312492370605469
3.1968665122985839844
-7.587596893310546875
0.61629205942153930664
4.3277130126953125
-8.214778900146484375
6.50566864013671875
2.5225672721862792969
-12.248620986938476562
-1.202141880989074707
-1.050628662109375
1.242407679557800293
7.5941815376281738281
-7.569911956787109375
-4.5990915298461914062
-2.9451248645782470703
8.02631378173828125
6.5521116256713867188
6.7287697792053222656
6.7175412178039550781
-8.0846309661865234375
-0.51270639896392822266
2.4948632717132568359
-7.1321291923522949219
-1.1179075241088867188
3.8280215263366699219
0.33372038602828979492
1.6350973844528198242
-3.0328912734985351562
7.5887379646301269531
3.0934073925018310547
-0.63973712921142578125
-1.4122861623764038086
3.8537721633911132812
-0.55086129903793334961
8.8519763946533203125
1.0505808591842651367
-3.4389357566833496094
2.6734094619750976562
-1.0780324935913085938
8.744647979736328125
-1.4071396589279174805
-4.3932499885559082031
1.8575011491775512695
6.5566678047180175781
4.5163130760192871094
8.9872636795043945312
1.3950475454330444336
4.8141713142395019531
3.0447504520416259766
2.4011292457580566406
1.3117203712463378906
-3.3133609294891357422
4.2813310623168945312
4.2845735549926757812
-3.8445007801055908203
-0.81245684623718261719
-1.1410863399505615234
-1.2747834920883178711
-3.0725870132446289062
-2.8089783191680908203
-5.7255177497863769531
-3.2005338668823242188
9.2679376602172851562
-3.1643633842468261719
-0.025005996227264404297
1.1739430427551269531
2.3156008720397949219
4.2236351966857910156
-10.720953941345214844
1.4748051166534423828
-2.9507706165313720703
0.7104638218879699707
6.5417122840881347656
-1.0743873119354248047
10.027460098266601562
-0.35832360386848449707
-0.57392752170562744141
8.17230987548828125
-9.9406328201293945312
-4.0093016624450683594
1.7518199682235717773
5.1624240875244140625
9.427555084228515625
-8.4282102584838867188
0.15546277165412902832
-2.9181628227233886719
-2.2854020595550537109
10.614939689636230469
-3.2089414596557617188
1.0828088521957397461
-6.0095033645629882812
2.0264165401458740234
6.4929180145263671875
-9.5039424896240234375
0.11349194496870040894
1.5193806886672973633
3.8452038764953613281
-4.3038783073425292969
3.2895832061767578125
4.5502004623413085938
4.1481504440307617188
-3.5518441200256347656
-9.0879192352294921875
6.6234402656555175781
2.9098718166351318359
6.8091993331909179688
-2.1843211650848388672
1.9638197422027587891
10.655051231384277344
12.176875114440917969
0.53471016883850097656
0.58618396520614624023
-3.3277230262756347656
-4.4000568389892578125
3.9648344516754150391
7.8779273033142089844
7.4615335464477539062
-3.0563340187072753906
-2.9752242565155029297
4.8565535545349121094
1.9899085760116577148
4.3092722892761230469
4.1887664794921875
0.22455668449401855469
-0.41136512160301208496
-7.289844512939453125
-2.3018763065338134766
-1.1999536752700805664
9.5627450942993164062
-3.6644358634948730469
-1.0102118253707885742
1.9783968925476074219
4.1300458908081054688
1.8708348274230957031
-9.5092191696166992188
-0.58340936899185180664
-9.6577606201171875
-2.5981698036193847656
-2.5836629867553710938
-5.23264312744140625
7.5856785774230957031
0.89352589845657348633
3.8202843666076660156
5.4625597000122070312
1.8175706863403320312
-7.70729827880859375
1.7550799846649169922
3.08292388916015625
-5.8534846305847167969
7.7198400497436523438
2.3828365802764892578
